<?xml version="1.0"?>
<opencv_storage>
<K type_id="opencv-matrix">
  <rows>3</rows>
  <cols>3</cols>
  <dt>d</dt>
  <data>
    1.1503721720823826e+03 0. 9.3576404055107980e+02 0.
    1.1720885415779055e+03 5.5740861191945726e+02 0. 0. 1.</data></K>
<dist type_id="opencv-matrix">
  <rows>1</rows>
  <cols>5</cols>
  <dt>d</dt>
  <data>
    1.1302806262439204e-01 -2.9758283038527633e-01
    3.9695779839967332e-03 -6.8758437849968145e-04
    1.7453766974380494e-01</data></dist>
</opencv_storage>
