<?xml version="1.0"?>
<opencv_storage>
<K type_id="opencv-matrix">
  <rows>3</rows>
  <cols>3</cols>
  <dt>d</dt>
  <data>
    1152.4356084186304 0. 935.77384992642476 0. 1175.0273199934186
    556.20826855143878 0. 0. 1.</data></K>
<dist type_id="opencv-matrix">
  <rows>1</rows>
  <cols>5</cols>
  <dt>d</dt>
  <data>
    0.11172473195955333 -0.30149026326693906 0.0038863327355662339
    -0.0009608431660261792 0.18073868482390421</data></dist>
</opencv_storage>
